082 96 FC FF 88 FF 10 00 00 <DATA ERROR
350 00 00 00 00 00 00 00 00 
37B 64 00 55 AA 55 AA 55 AA <DATA ERROR
436 00 00 03 2A 00 00 00 00 
200 27 27 27 5A 26 DF 80 00 
201 02 90 40 00 00 00 00 00 
205 00 00 40 00 00 00 00 00 
228 00 00 00 00 00 00 00 00 
231 01 59 00 00 FF 00 80 00 
250 2B 7F 97 1D 4A 14 00 04 
090 17 0A F7 09 07 B1 0F FF 
20F 88 E9 27 10 00 0C BC 00 <DATA ERROR
211 FF FE 80 00 48 48 00 B1 <DATA ERROR
4B0 27 10 27 10 27 10 27 10 
240 07 00 00 00 00 00 00 00 
165 27 17 27 10 C0 27 17 2B 
170 27 17 27 9B 27 10 41 11 
4EC 00 00 00 00 00 00 00 00 
050 02 00 0F 01 AA 55 AA 55 
082 97 FC FF 88 FF 10 00 00 <DATA ERROR
190 00 00 40 00 00 00 00 00 
430 7B 97 00 00 00 00 00 20 <DATA ERROR
433 00 01 1E 01 00 00 1B 00 
274 00 00 00 00 00 00 55 AA 
0FD 63 00 00 00 28 00 00 00 <DATA ERROR
200 27 27 27 5A 26 DF 80 00 
201 02 90 40 00 00 00 00 00 
205 00 00 40 00 00 00 00 00 
231 01 59 00 00 FF 00 80 00 
090 27 0A F7 08 07 B0 0F FF 
20F 88 E9 27 10 00 1C AC 00 <DATA ERROR
211 FF FE 80 00 48 48 00 B2 <DATA ERROR
4B0 27 10 27 10 27 10 27 10 
240 07 00 00 00 00 00 00 00 
340 00 00 00 00 00 00 00 00 
461 00 01 00 00 00 00 00 00 
082 98 FC FF 88 FF 10 00 00 <DATA ERROR
275 00 00 FF 
400 13 00 00 00 00 00 00 00 
405 FF FF FF FF FF FF FF FF <DATA ERROR
050 02 00 0F 01 AA 55 AA 55 
165 27 17 27 10 C0 27 17 2B 
170 27 17 27 9B 27 10 41 11 
200 27 27 27 5B 26 DF 80 00 
201 02 90 40 00 00 00 00 00 
205 00 00 40 00 00 00 00 00 
231 01 59 00 00 FF 00 80 00 
090 37 09 F7 07 07 AD 0F FF <DATA ERROR
20F 88 D2 27 10 00 2C 9C 00 <DATA ERROR
211 FF FE 80 00 48 48 00 B3 <DATA ERROR
4B0 27 10 27 10 27 10 27 10 
240 07 00 00 00 00 00 00 00 
228 00 00 00 00 00 00 00 00 
250 2B 7F 97 1D 4A 14 00 04 
082 99 FC FF 88 FF 10 00 00 <DATA ERROR
190 00 00 40 00 00 00 00 00 
0FD 63 00 00 00 28 00 00 00 <DATA ERROR
200 27 27 27 5B 26 DF 80 00 
201 02 90 40 00 00 00 00 00 
205 00 00 40 00 00 00 00 00 
231 01 59 00 00 FF 00 80 00 
4EC 00 00 00 00 00 00 00 00 
090 47 0A F7 07 07 B0 0F FF <DATA ERROR
20F 88 E9 27 10 00 3C 8C 00 <DATA ERROR
211 FF FE 80 00 48 48 00 B4 <DATA ERROR
212 98 00 20 80 01 00 00 00 <DATA ERROR
4B0 27 10 27 10 27 10 27 10 
240 06 00 00 00 00 00 00 00 
165 27 17 27 10 C0 27 17 2B 
170 27 17 27 9B 27 10 41 11 
050 02 00 0F 01 AA 55 AA 55 
082 9A FC FF 88 FF 10 00 00 <DATA ERROR
501 00 AA 55 AA 55 AA 55 AA 
200 27 27 27 5B 26 DF 80 00 
201 02 90 40 00 00 00 00 00 
205 00 00 40 00 00 00 00 00 
231 01 59 00 00 FF 00 80 00 
090 57 0A F7 08 07 B2 0F FF <DATA ERROR
20F 88 E9 27 10 00 4C 7C 00 <DATA ERROR
211 FF FE 80 00 48 48 00 B5 <DATA ERROR
4B0 27 10 27 10 27 10 27 10 
240 07 00 00 00 00 00 00 00 
082 9B FC FF 88 FF 10 00 00 <DATA ERROR
190 00 00 40 00 00 00 00 00 
050 02 00 0F 01 AA 55 AA 55 
0FD 63 00 00 00 28 00 00 00 <DATA ERROR
165 27 17 27 10 C0 27 17 2B 
170 27 17 27 9B 27 10 41 11 
200 27 27 27 5A 26 DF 80 00 
201 02 90 40 00 00 00 00 00 
205 00 00 40 00 00 00 00 00 
228 00 00 00 00 00 00 00 00 
090 67 08 F7 05 07 B3 0F FF <DATA ERROR
20F 88 E9 27 10 00 5C 6C 00 <DATA ERROR
211 FF FE 80 00 48 48 00 B6 <DATA ERROR
231 01 59 00 00 FF 00 80 00 
250 2B 80 97 1D 4A 14 00 04 
420 80 00 83 00 00 40 00 00 <DATA ERROR
428 41 00 00 00 <DATA ERROR
4B0 27 10 27 10 27 10 27 10 
240 07 00 00 00 00 00 00 00 
42B 03 00 00 00 00 00 00 00 
4EC 00 00 00 00 00 00 00 00 
082 9C FC FF 88 FF 10 00 00 <DATA ERROR
200 27 27 27 5A 26 DF 80 00 
201 02 90 40 00 00 00 00 00 
205 00 00 40 00 00 00 00 00 
231 01 59 00 00 FF 00 80 00 
090 77 09 F7 05 07 B5 0F FF <DATA ERROR
20F 88 E9 27 10 00 6C 5C 00 <DATA ERROR
211 FF FE 80 00 48 48 00 B7 <DATA ERROR
4B0 27 10 27 10 27 10 27 10 
240 07 00 00 00 00 00 00 00 
165 27 17 27 10 C0 27 17 2B 
170 27 17 27 9B 27 10 41 11 
050 02 00 0F 01 AA 55 AA 55 
082 9D FC FF 88 FF 10 00 00 <DATA ERROR
39E 00 00 20 7F 00 10 01 1E 
190 00 00 40 00 00 00 00 00 
0FD 63 00 00 00 28 00 00 00 <DATA ERROR
200 27 27 27 5C 26 DF 80 00 
201 02 90 40 00 00 00 00 00 
205 00 00 40 00 00 00 00 00 
231 01 59 00 00 FF 00 80 00 
090 87 0A F7 07 07 B0 0F FF <DATA ERROR
20F 88 E9 27 10 00 7C 4C 00 <DATA ERROR
211 FF FE 80 00 48 48 00 B8 <DATA ERROR
4B0 27 10 27 10 27 10 27 10 
240 07 00 00 00 00 00 00 00 
228 00 00 00 00 00 00 00 00 
250 2B 80 97 1D 4A 14 00 04 
082 9E FC FF 88 FF 10 00 00 <DATA ERROR
165 27 17 27 10 C0 27 17 2B 
050 02 00 0F 01 AA 55 AA 55 
170 27 17 27 9B 27 10 41 11 
200 27 27 27 5C 26 DF 80 00 
201 02 90 40 00 00 00 00 00 
205 00 00 40 00 00 00 00 00 
231 01 59 00 00 FF 00 80 00 
4EC 00 00 00 00 00 00 00 00 
090 97 09 F7 05 07 AF 0F FF <DATA ERROR
20F 88 E9 27 10 00 8C 3C 00 <DATA ERROR
211 FF FE 80 00 48 48 00 B9 <DATA ERROR
212 98 00 20 80 01 00 00 00 <DATA ERROR
4B0 27 10 27 10 27 10 27 10 
240 07 00 00 00 00 00 00 00 
082 9F FC FF 88 FF 10 00 00 <DATA ERROR
190 00 00 40 00 00 00 00 00 
0FD 63 00 00 00 28 00 00 00 <DATA ERROR
200 27 27 27 5B 26 DF 80 00 
201 02 90 40 00 00 00 00 00 
205 00 00 40 00 00 00 00 00 
231 01 59 00 00 FF 00 80 00 
090 A7 08 F7 03 07 B0 0F FF <DATA ERROR
20F 88 E9 27 10 00 9C 2C 00 <DATA ERROR
211 FF FE 80 00 48 48 00 BA <DATA ERROR
4B0 27 10 27 10 27 10 27 10 
240 07 00 00 00 00 00 00 00 
165 27 17 27 10 C0 27 17 2B 
170 27 17 27 9B 27 10 41 11 
050 02 00 0F 01 AA 55 AA 55 
508 00 AA 55 AA 55 AA 55 AA 
082 91 FC FF 88 FF 10 00 00 <DATA ERROR
350 00 00 00 00 00 00 00 00 
37B 64 00 55 AA 55 AA 55 AA <DATA ERROR
436 00 00 03 2A 00 00 00 00 
200 27 27 27 5B 26 DF 80 00 
201 02 90 40 00 00 00 00 00 
205 00 00 40 00 00 00 00 00 
228 00 00 00 00 00 00 00 00 
231 01 59 00 00 FF 00 80 00 
250 2B 80 97 1D 4A 14 00 04 
090 B7 09 F7 04 07 B1 0F FF <DATA ERROR
20F 88 E9 27 10 00 AC 1C 00 <DATA ERROR
211 FF FE 80 00 48 48 00 BB <DATA ERROR
4B0 27 10 27 10 27 10 27 10 
240 07 00 00 00 00 00 00 00 
4EC 00 00 00 00 00 00 00 00 
082 92 FC FF 88 FF 10 00 00 <DATA ERROR
190 00 00 40 00 00 00 00 00 
430 7B 97 00 00 00 00 00 20 <DATA ERROR
433 00 01 1E 01 00 00 1B 00 
050 02 00 0F 01 AA 55 AA 55 
0FD 63 00 00 00 28 00 00 00 <DATA ERROR
165 27 17 27 10 C0 27 17 2B 
170 27 17 27 9B 27 10 41 11 
200 27 27 27 5B 26 DF 80 00 
201 02 90 40 00 00 00 00 00 
205 00 00 40 00 00 00 00 00 
231 01 59 00 00 FF 00 80 00 
090 C7 08 F7 04 07 B3 0F FF <DATA ERROR
20F 88 E9 27 10 00 BC 0C 00 <DATA ERROR
211 FF FE 80 00 48 48 00 BC <DATA ERROR
274 00 00 00 00 00 00 55 AA 
4B0 27 10 27 10 27 10 27 10 
240 06 00 00 00 00 00 00 00 
340 00 00 00 00 00 00 00 00 
461 00 01 00 00 00 00 00 00 
082 93 FC FF 88 FF 10 00 00 <DATA ERROR
275 00 00 FF 
400 14 00 00 00 00 00 00 00 
405 12 31 32 34 37 32 32 33 
200 27 27 27 5B 26 DF 80 00 
201 02 90 40 00 00 00 00 00 
205 00 00 40 00 00 00 00 00 
231 01 59 00 00 FF 00 80 00 
090 D7 08 F7 03 07 B2 0F FF <DATA ERROR
20F 88 E9 27 10 00 CC FC 00 <DATA ERROR
211 FF FE 80 00 48 48 00 BD <DATA ERROR
4B0 27 10 27 10 27 10 27 10 
240 07 00 00 00 00 00 00 00 
165 27 17 27 10 C0 27 17 2B 
170 27 17 27 9B 27 10 41 11 
050 02 00 0F 01 AA 55 AA 55 
228 00 00 00 00 00 00 00 00 
250 2B 80 98 1D 4A 14 00 04 
082 94 FC FF 88 FF 10 00 00 <DATA ERROR
190 00 00 40 00 00 00 00 00 
0FD 63 00 00 00 28 00 00 00 <DATA ERROR
200 27 27 27 5B 26 DF 80 00 
201 02 90 40 00 00 00 00 00 
205 00 00 40 00 00 00 00 00 
231 01 59 00 00 FF 00 80 00 
4EC 00 00 00 00 00 00 00 00 
090 E7 09 F7 05 07 B5 0F FF <DATA ERROR
20F 88 E9 27 10 00 DC EC 00 <DATA ERROR
211 FF FE 80 00 48 48 00 BE <DATA ERROR
212 98 00 20 80 01 00 00 00 <DATA ERROR
4B0 27 10 27 10 27 10 27 10 
240 07 00 00 00 00 00 00 00 
082 95 FC FF 88 FF 10 00 00 <DATA ERROR
501 00 AA 55 AA 55 AA 55 AA 
050 02 00 0F 01 AA 55 AA 55 
165 27 17 27 10 C0 27 17 2B 
170 27 17 27 9B 27 10 41 11 
200 27 27 27 5B 26 DF 80 00 
201 02 90 40 00 00 00 00 00 
205 00 00 40 00 00 00 00 00 
231 01 59 00 00 FF 00 80 00 
090 F7 09 F7 07 07 B3 0F FF <DATA ERROR
20F 89 01 27 10 00 EC DC 00 <DATA ERROR
211 FF FE 80 00 48 48 00 BF <DATA ERROR
4B0 27 10 27 10 27 10 27 10 
240 07 00 00 00 00 00 00 00 
082 96 FC FF 88 FF 10 00 00 <DATA ERROR
190 00 00 40 00 00 00 00 00 
0FD 63 00 00 00 28 00 00 00 <DATA ERROR
200 27 27 27 5A 26 DF 80 00 
201 02 90 40 00 00 00 00 00 
205 00 00 40 00 00 00 00 00 
228 00 00 00 00 00 00 00 00 
231 01 59 00 00 FF 00 80 00 
250 2B 7F 97 1D 4A 14 00 04 
420 7F 00 83 00 00 40 00 00 <DATA ERROR
090 07 0A F7 08 07 B3 0F FF 
20F 89 01 27 10 00 FC CC 00 <DATA ERROR
211 FF FE 80 00 48 48 00 C0 <DATA ERROR
428 41 00 00 00 <DATA ERROR
4B0 27 10 27 10 27 10 27 10 
42B 03 00 00 00 00 00 00 00 
165 27 17 27 10 C0 27 17 2B 
170 27 17 27 9B 27 10 41 11 
240 06 00 00 00 00 00 00 00 
050 02 00 0F 01 AA 55 AA 55 
4EC 00 00 00 00 00 00 00 00 
082 97 FC FF 88 FF 10 00 00 <DATA ERROR
200 27 27 27 5A 26 DF 80 00 
201 02 90 40 00 00 00 00 00 
205 00 00 40 00 00 00 00 00 
231 01 59 00 00 FF 00 80 00 
090 17 0A F7 0A 07 AE 0F FF 
20F 89 01 27 10 00 0C BC 00 <DATA ERROR
211 FF FE 80 00 48 48 00 C1 <DATA ERROR
4B0 27 10 27 10 27 10 27 10 
240 07 00 00 00 00 00 00 00 
082 98 FC FF 88 FF 10 00 00 <DATA ERROR
39E 00 00 20 7F 00 10 01 1E 
190 00 00 40 00 00 00 00 00 
050 02 00 0F 01 AA 55 AA 55 
0FD 63 00 00 00 28 00 00 00 <DATA ERROR
165 27 17 27 10 C0 27 17 2B 
170 27 17 27 9B 27 10 41 11 
200 27 27 27 5B 26 DF 80 00 
201 02 90 40 00 00 00 00 00 
205 00 00 40 00 00 00 00 00 
231 01 59 00 00 FF 00 80 00 
090 27 0A F7 0B 07 AF 0F FF 
20F 89 01 27 10 00 1C AC 00 <DATA ERROR
211 FF FE 80 00 48 48 00 C2 <DATA ERROR
4B0 27 10 27 10 27 10 27 10 
240 07 00 00 00 00 00 00 00 
228 00 00 00 00 00 00 00 00 
250 2B 7F 97 1D 4A 14 00 04 
082 99 FC FF 88 FF 10 00 00 <DATA ERROR
200 27 27 27 5B 26 DF 80 00 
201 02 90 40 00 00 00 00 00 
205 00 00 40 00 00 00 00 00 
231 01 59 00 00 FF 00 80 00 
4EC 00 00 00 00 00 00 00 00 
090 37 09 F7 0A 07 B5 0F FF <DATA ERROR
20F 89 01 27 10 00 2C 9C 00 <DATA ERROR
211 FF FE 80 00 48 48 00 C3 <DATA ERROR
212 98 00 20 80 01 00 00 00 <DATA ERROR
4B0 27 10 27 10 27 10 27 10 
240 07 00 00 00 00 00 00 00 
165 27 17 27 10 C0 27 17 2B 
170 27 17 27 9B 27 10 41 11 
050 02 00 0F 01 AA 55 AA 55 
082 9A FC FF 88 FF 10 00 00 <DATA ERROR
190 00 00 40 00 00 00 00 00 
0FD 63 00 00 00 28 00 00 00 <DATA ERROR
200 27 27 27 5B 26 DF 80 00 
201 02 90 40 00 00 00 00 00 
205 00 00 40 00 00 00 00 00 
231 01 59 00 00 FF 00 80 00 
090 47 09 F7 09 07 B5 0F FF <DATA ERROR
20F 89 01 27 10 00 3C 8C 00 <DATA ERROR
211 FF FE 80 00 48 48 00 C4 <DATA ERROR
4B0 27 10 27 10 27 10 27 10 
240 07 00 00 00 00 00 00 00 
508 00 AA 55 AA 55 AA 55 AA 
082 9B FC FF 88 FF 10 00 00 <DATA ERROR
350 00 00 00 00 00 00 00 00 
37B 64 00 55 AA 55 AA 55 AA <DATA ERROR
436 00 00 03 2A 00 00 00 00 
050 02 00 0F 01 AA 55 AA 55 
165 27 17 27 10 C0 27 17 2B 
170 27 17 27 9B 27 10 41 11 
200 27 27 27 5B 26 DF 80 00 
201 02 90 40 00 00 00 00 00 
205 00 00 40 00 00 00 00 00 
228 00 00 00 00 00 00 00 00 
231 01 59 00 00 FF 00 80 00 
090 57 0A F7 0A 07 B5 0F FF <DATA ERROR
20F 89 01 27 10 00 4C 7C 00 <DATA ERROR
211 FF FE 80 00 48 48 00 C5 <DATA ERROR
250 2B 7F 97 1D 4A 14 00 04 
4B0 27 10 27 10 27 10 27 10 
240 07 00 00 00 00 00 00 00 
4EC 00 00 00 00 00 00 00 00 
082 9C FC FF 88 FF 10 00 00 <DATA ERROR
190 00 00 40 00 00 00 00 00 
430 7B 97 00 00 00 00 00 20 <DATA ERROR
433 00 01 1E 01 00 00 1B 00 
274 00 00 00 00 00 00 55 AA 
0FD 63 00 00 00 28 00 00 00 <DATA ERROR
200 27 27 27 5B 26 DF 80 00 
201 02 90 40 00 00 00 00 00 
205 00 00 40 00 00 00 00 00 
231 01 59 00 00 FF 00 80 00 
090 67 0A F7 0A 07 B1 0F FF <DATA ERROR
20F 89 01 27 10 00 5C 6C 00 <DATA ERROR
211 FF FE 80 00 48 48 00 C6 <DATA ERROR
4B0 27 10 27 10 27 10 27 10 
240 07 00 00 00 00 00 00 00 
165 27 17 27 10 C0 27 17 2B 
170 27 17 27 9B 27 10 41 11 
050 02 00 0F 01 AA 55 AA 55 
340 00 00 00 00 00 00 00 00 
461 00 01 00 00 00 00 00 00 
082 9D FC FF 88 FF 10 00 00 <DATA ERROR
275 00 00 FF 
400 15 00 00 00 00 00 00 00 
405 01 67 FF FF FF FF 00 10 
200 27 27 27 5A 26 DF 80 00 
201 02 90 40 00 00 00 00 00 
205 00 00 40 00 00 00 00 00 
231 01 59 00 00 FF 00 80 00 
090 77 08 F7 08 07 B5 0F FF <DATA ERROR
20F 89 19 27 10 00 6C 5C 00 <DATA ERROR
211 FF FE 80 00 48 48 00 C7 <DATA ERROR
4B0 27 10 27 10 27 10 27 10 
240 07 00 00 00 00 00 00 00 
228 00 00 00 00 00 00 00 00 
250 2B 7F 97 1D 4A 14 00 04 
082 9E FC FF 88 FF 10 00 00 <DATA ERROR
190 00 00 40 00 00 00 00 00 
0FD 63 00 00 00 28 00 00 00 <DATA ERROR
050 02 00 0F 01 AA 55 AA 55 
165 27 17 27 10 C0 27 17 2B 
170 27 17 27 9B 27 10 41 11 
200 27 27 27 5A 26 DF 80 00 
201 02 90 40 00 00 00 00 00 
205 00 00 40 00 00 00 00 00 
231 01 59 00 00 FF 00 80 00 
090 87 08 F7 05 07 B8 0F FF <DATA ERROR
20F 89 19 27 10 00 7C 4C 00 <DATA ERROR
211 FF FE 80 00 48 48 00 C8 <DATA ERROR
212 98 00 20 80 01 00 00 00 <DATA ERROR
4B0 27 10 27 10 27 10 27 10 
4EC 00 00 00 00 00 00 00 00 
240 06 00 00 00 00 00 00 00 
082 9F FC FF 88 FF 10 00 00 <DATA ERROR
501 00 AA 55 AA 55 AA 55 AA 
200 27 27 27 5A 26 DF 80 00 
201 02 90 40 00 00 00 00 00 
205 00 00 40 00 00 00 00 00 
231 01 59 00 00 FF 00 80 00 
090 97 09 F7 06 07 B1 0F FF <DATA ERROR
20F 89 19 27 10 00 8C 3C 00 <DATA ERROR
211 FF FE 80 00 48 48 00 C9 <DATA ERROR
4B0 27 10 27 10 27 10 27 10 
240 07 00 00 00 00 00 00 00 
165 27 17 27 10 C0 27 17 2B 
170 27 17 27 9B 27 10 41 11 
050 02 00 0F 01 AA 55 AA 55 
082 91 FC FF 88 FF 10 00 00 <DATA ERROR
190 00 00 40 00 00 00 00 00 
0FD 63 00 00 00 28 00 00 00 <DATA ERROR
200 27 27 27 5A 26 DF 80 00 
201 02 90 40 00 00 00 00 00 
205 00 00 40 00 00 00 00 00 
228 00 00 00 00 00 00 00 00 
231 01 59 00 00 FF 00 80 00 
250 2B 7F 97 1D 4A 14 00 04 
420 7F 00 83 00 00 40 00 00 <DATA ERROR
090 A7 08 F7 05 07 AE 0F FF <DATA ERROR
20F 89 19 27 10 00 9C 2C 00 <DATA ERROR
211 FF FE 80 00 48 48 00 CA <DATA ERROR
428 41 00 00 00 <DATA ERROR
4B0 27 10 27 10 27 10 27 10 
42B 03 00 00 00 00 00 00 00 
240 07 00 00 00 00 00 00 00 
4EC 00 00 00 00 00 00 00 00 
082 92 FC FF 88 FF 10 00 00 <DATA ERROR
050 02 00 0F 01 AA 55 AA 55 
165 27 17 27 10 C0 27 17 2B 
170 27 17 27 9B 27 10 41 11 
200 27 27 27 5A 26 DF 80 00 
201 02 90 40 00 00 00 00 00 
205 00 00 40 00 00 00 00 00 
231 01 59 00 00 FF 00 80 00 
090 B7 0A F7 07 07 B1 0F FF <DATA ERROR
20F 89 19 27 10 00 AC 1C 00 <DATA ERROR
211 FF FE 80 00 48 48 00 CB <DATA ERROR
4B0 27 10 27 10 27 10 27 10 
240 07 00 00 00 00 00 00 00 
082 93 FC FF 88 FF 10 00 00 <DATA ERROR
39E 00 00 20 7F 00 10 01 1E 
190 00 00 40 00 00 00 00 00 
0FD 63 00 00 00 28 00 00 00 <DATA ERROR
200 27 27 27 5B 26 DF 80 00 
201 02 90 40 00 00 00 00 00 
205 00 00 40 00 00 00 00 00 
231 01 59 00 00 FF 00 80 00 
090 C7 0A F7 08 07 B2 0F FF <DATA ERROR
20F 89 31 27 10 00 BC 0C 00 <DATA ERROR
211 FF FE 80 00 48 48 00 CC <DATA ERROR
4B0 27 10 27 10 27 10 27 10 
165 27 17 27 10 C0 27 17 2B 
170 27 17 27 9B 27 10 41 11 
228 00 00 00 00 00 00 00 00 
050 02 00 0F 01 AA 55 AA 55 
240 07 00 00 00 00 00 00 00 
250 2B 7F 97 1D 4A 14 00 04 
082 94 FC FF 88 FF 10 00 00 <DATA ERROR
200 27 27 27 5B 26 DF 80 00 
201 02 90 40 00 00 00 00 00 
205 00 00 40 00 00 00 00 00 
231 01 59 00 00 FF 00 80 00 
4EC 00 00 00 00 00 00 00 00 
090 D7 0A F7 0A 07 B5 0F FF <DATA ERROR
20F 89 19 27 10 00 CC FC 00 <DATA ERROR
211 FF FE 80 00 48 48 00 CD <DATA ERROR
212 98 00 20 80 01 00 00 00 <DATA ERROR
4B0 27 10 27 10 27 10 27 10 
240 07 00 00 00 00 00 00 00 
082 95 FC FF 88 FF 10 00 00 <DATA ERROR
190 00 00 40 00 00 00 00 00 
050 02 00 0F 01 AA 55 AA 55 
0FD 63 00 00 00 28 00 00 00 <DATA ERROR
165 27 17 27 10 C0 27 17 2B 
170 27 17 27 9B 27 10 41 11 
200 27 27 27 5B 26 DF 80 00 
201 02 90 40 00 00 00 00 00 
205 00 00 40 00 00 00 00 00 
231 01 59 00 00 FF 00 80 00 
090 E7 0A F7 0B 07 B3 0F FF <DATA ERROR
20F 89 19 27 10 00 DC EC 00 <DATA ERROR
211 FF FE 80 00 48 48 00 CE <DATA ERROR
4B0 27 10 27 10 27 10 27 10 
240 07 00 00 00 00 00 00 00 
508 00 AA 55 AA 55 AA 55 AA 
082 96 FC FF 88 FF 10 00 00 <DATA ERROR
350 00 00 00 00 00 00 00 00 
37B 64 00 55 AA 55 AA 55 AA <DATA ERROR
436 00 00 03 2A 00 00 00 00 
200 27 27 27 59 26 DF 80 00 
201 02 90 40 00 00 00 00 00 
205 00 00 40 00 00 00 00 00 
228 00 00 00 00 00 00 00 00 
231 01 59 00 00 FF 00 80 00 
250 2B 7F 96 1D 4A 14 00 04 
090 F7 0A F7 0B 07 AE 0F FF <DATA ERROR
20F 89 19 27 10 00 EC DC 00 <DATA ERROR
211 FF FE 80 00 48 48 00 CF <DATA ERROR
4B0 27 10 27 10 27 10 27 10 
165 27 17 27 10 C0 27 17 2B 
170 27 17 27 9B 27 10 41 11 
240 07 00 00 00 00 00 00 00 
050 02 00 0F 01 AA 55 AA 55 
4EC 00 00 00 00 00 00 00 00 
082 97 FC FF 88 FF 10 00 00 <DATA ERROR
190 00 00 40 00 00 00 00 00 
430 7B 97 00 00 00 00 00 20 <DATA ERROR
433 00 01 1E 01 00 00 1B 00 
274 00 00 00 00 00 00 55 AA 
0FD 63 00 00 00 28 00 00 00 <DATA ERROR
200 27 27 27 59 26 DF 80 00 
201 02 90 40 00 00 00 00 00 
205 00 00 40 00 00 00 00 00 
231 01 59 00 00 FF 00 80 00 
090 07 0A F7 0C 07 B1 0F FF 
20F 89 19 27 10 00 FC CC 00 <DATA ERROR
211 FF FE 80 00 48 48 00 D0 <DATA ERROR
4B0 27 10 27 10 27 10 27 10 
240 07 00 00 00 00 00 00 00 
340 00 00 00 00 00 00 00 00 
082 98 FC FF 88 FF 10 00 00 <DATA ERROR
461 00 01 00 00 00 00 00 00 
275 00 00 FF 
400 16 00 00 00 00 00 00 00 
405 02 FF 33 FF 39 01 49 11 
050 02 00 0F 01 AA 55 AA 55 
165 27 17 27 10 C0 27 17 2B 
170 27 17 27 9B 27 10 41 11 
200 27 27 27 58 26 DF 80 00 
201 02 90 40 00 00 00 00 00 
205 00 00 40 00 00 00 00 00 
231 01 59 00 00 FF 00 80 00 
090 17 09 F7 0A 07 B3 0F FF 
20F 89 19 27 10 00 0C BC 00 <DATA ERROR
211 FF FE 80 00 48 48 00 D1 <DATA ERROR
4B0 27 10 27 10 27 10 27 10 
228 00 00 00 00 00 00 00 00 
240 07 00 00 00 00 00 00 00 
250 2B 7F 96 1D 4A 14 00 04 
082 99 FC FF 88 FF 10 00 00 <DATA ERROR
190 00 00 40 00 00 00 00 00 
0FD 63 00 00 00 28 00 00 00 <DATA ERROR
200 27 27 27 58 26 DF 80 00 
201 02 90 40 00 00 00 00 00 
205 00 00 40 00 00 00 00 00 
231 01 59 00 00 FF 00 80 00 
4EC 00 00 00 00 00 00 00 00 
090 27 09 F7 09 07 B4 0F FF 
20F 89 19 27 10 00 1C AC 00 <DATA ERROR
211 FF FE 80 00 48 48 00 D2 <DATA ERROR
212 98 00 20 80 01 00 00 00 <DATA ERROR
4B0 27 10 27 10 27 10 27 10 
165 27 16 27 10 C0 27 16 2B 
170 27 17 27 9B 27 10 41 11 
240 07 00 00 00 00 00 00 00 
050 02 00 0F 01 AA 55 AA 55 
082 9A FC FF 88 FF 10 00 00 <DATA ERROR
501 00 AA 55 AA 55 AA 55 AA 
200 27 27 27 58 26 DF 80 00 
201 02 90 40 00 00 00 00 00 
205 00 00 40 00 00 00 00 00 
231 01 59 00 00 FF 00 80 00 
090 37 09 F7 08 07 B2 0F FF <DATA ERROR
20F 89 19 27 10 00 2C 9C 00 <DATA ERROR
211 FF FE 80 00 48 48 00 D3 <DATA ERROR
4B0 27 10 27 10 27 10 27 10 
240 07 00 00 00 00 00 00 00 
082 9B FC FF 88 FF 10 00 00 <DATA ERROR
190 00 00 40 00 00 00 00 00 
050 02 00 0F 01 AA 55 AA 55 
0FD 63 00 00 00 28 00 00 00 <DATA ERROR
165 27 16 27 10 C0 27 16 2B 
170 27 16 27 9C 27 10 41 11 
200 27 26 27 57 26 DF 80 00 
201 02 90 40 00 00 00 00 00 
205 00 00 40 00 00 00 00 00 
228 00 00 00 00 00 00 00 00 
090 47 0A F7 08 07 AF 0F FF <DATA ERROR
20F 89 31 27 10 00 3C 8C 00 <DATA ERROR
211 FF FE 80 00 48 48 00 D4 <DATA ERROR
231 01 59 00 00 FF 00 80 00 
250 2B 80 95 1D 4A 14 00 04 
420 80 00 83 00 00 40 00 00 <DATA ERROR
428 41 00 00 00 <DATA ERROR
4B0 27 10 27 10 27 10 27 10 
42B 03 00 00 00 00 00 00 00 
4EC 00 00 00 00 00 00 00 00 
240 07 00 00 00 00 00 00 00 
082 9C FC FF 88 FF 10 00 00 <DATA ERROR
200 27 26 27 57 26 DF 80 00 
201 02 90 40 00 00 00 00 00 
205 00 00 40 00 00 00 00 00 
231 01 59 00 00 FF 00 80 00 
090 57 09 F7 08 07 B1 0F FF <DATA ERROR
20F 89 48 27 10 00 4C 7C 00 <DATA ERROR
211 FF FE 80 00 48 48 00 D5 <DATA ERROR
4B0 27 10 27 10 27 10 27 10 
165 27 17 27 10 C0 27 17 2B 
170 27 17 27 9C 27 10 41 11 
050 02 00 0F 01 AA 55 AA 55 
240 06 00 00 00 00 00 00 00 
082 9D FC FF 88 FF 10 00 00 <DATA ERROR
39E 00 00 20 7F 00 10 01 1E 
190 00 00 40 00 00 00 00 00 
0FD 63 00 00 00 28 00 00 00 <DATA ERROR
200 27 26 27 59 26 DE 80 00 
201 02 90 40 00 00 00 00 00 
205 00 00 40 00 00 00 00 00 
231 01 59 00 00 FF 00 80 00 
090 67 09 F7 08 07 B1 0F FF <DATA ERROR
20F 89 48 27 10 00 5C 6C 00 <DATA ERROR
211 FF FE 80 00 48 48 00 D6 <DATA ERROR
4B0 27 10 27 10 27 10 27 10 
228 00 00 00 00 00 00 00 00 
240 06 00 00 00 00 00 00 00 
250 2B 80 95 1D 4A 14 00 04 
082 9E FC FF 88 FF 10 00 00 <DATA ERROR
165 27 17 27 10 C0 27 17 2B 
050 02 00 0F 01 AA 55 AA 55 
170 27 17 27 9C 27 10 41 11 
200 27 26 27 59 26 DE 80 00 
201 02 90 40 00 00 00 00 00 
205 00 00 40 00 00 00 00 00 
231 01 59 00 00 FF 00 80 00 
4EC 00 00 00 00 00 00 00 00 
090 77 0A F7 08 07 B1 0F FF <DATA ERROR
20F 89 48 27 10 00 6C 5C 00 <DATA ERROR
211 FF FE 80 00 48 48 00 D7 <DATA ERROR
212 98 00 20 80 01 00 00 00 <DATA ERROR
4B0 27 10 27 10 27 10 27 10 
240 07 00 00 00 00 00 00 00 
082 9F FC FF 88 FF 10 00 00 <DATA ERROR
190 00 00 40 00 00 00 00 00 
0FD 63 00 00 00 28 00 00 00 <DATA ERROR
200 27 26 27 57 26 DE 80 00 
201 02 90 40 00 00 00 00 00 
205 00 00 40 00 00 00 00 00 
231 01 59 00 00 FF 00 80 00 
090 87 0A F7 09 07 AD 0F FF <DATA ERROR
20F 89 60 27 10 00 7C 4C 00 <DATA ERROR
211 FF FE 80 00 48 48 00 D8 <DATA ERROR
4B0 27 10 27 10 27 10 27 10 
165 27 16 27 10 C0 27 16 2B 
170 27 16 27 9B 27 10 41 11 
240 07 00 00 00 00 00 00 00 
050 02 00 0F 01 AA 55 AA 55 
508 00 AA 55 AA 55 AA 55 AA 
082 91 FC FF 88 FF 10 00 00 <DATA ERROR
350 00 00 00 00 00 00 00 00 
37B 64 00 55 AA 55 AA 55 AA <DATA ERROR
436 00 00 03 2A 00 00 00 00 
200 27 26 27 57 26 DE 80 00 
201 02 90 40 00 00 00 00 00 
205 00 00 40 00 00 00 00 00 
228 00 00 00 00 00 00 00 00 
231 01 59 00 00 FF 00 80 00 
250 2B 80 95 1D 4A 14 00 04 
090 97 0A F7 0A 07 B1 0F FF <DATA ERROR
20F 89 60 27 10 00 8C 3C 00 <DATA ERROR
211 FF FE 80 00 48 48 00 D9 <DATA ERROR
4B0 27 10 27 10 27 10 27 10 
4EC 00 00 00 00 00 00 00 00 
240 06 00 00 00 00 00 00 00 
082 92 FC FF 88 FF 10 00 00 <DATA ERROR
190 00 00 40 00 00 00 00 00 
430 7B 97 00 00 00 00 00 20 <DATA ERROR
433 00 01 1E 01 00 00 1B 00 
050 02 00 0F 01 AA 55 AA 55 
274 00 00 00 00 00 00 55 AA 
0FD 63 00 00 00 28 00 00 00 <DATA ERROR
165 27 16 27 10 C0 27 16 2B 
170 27 16 27 9B 27 10 41 11 
200 27 26 27 57 26 DE 80 00 
201 02 90 40 00 00 00 00 00 
205 00 00 40 00 00 00 00 00 
090 A7 0A F7 0A 07 B4 0F FF <DATA ERROR
20F 89 48 27 10 00 9C 2C 00 <DATA ERROR
211 FF FE 80 00 48 48 00 DA <DATA ERROR
231 01 59 00 00 FF 00 80 00 
4B0 27 10 27 10 27 10 27 10 
240 07 00 00 00 00 00 00 00 
340 00 00 00 00 00 00 00 00 
082 93 FC FF 88 FF 10 00 00 <DATA ERROR
461 00 01 00 00 00 00 00 00 
275 00 00 FF 
400 17 00 00 02 00 00 00 00 
405 20 FF FF FF FF FF FF FF 
200 27 26 27 58 26 DF 80 00 
201 02 90 40 00 00 00 00 00 
205 00 00 40 00 00 00 00 00 
231 01 59 00 00 FF 00 80 00 
090 B7 09 F7 08 07 B5 0F FF <DATA ERROR
20F 89 48 27 10 00 AC 1C 00 <DATA ERROR
211 FF FE 80 00 48 48 00 DB <DATA ERROR
4B0 27 10 27 10 27 10 27 10 
165 27 16 27 10 C0 27 16 2B 
170 27 16 27 9B 27 10 41 11 
050 02 00 0F 01 AA 55 AA 55 
228 00 00 00 00 00 00 00 00 
240 07 00 00 00 00 00 00 00 
250 2B 80 94 1D 4A 14 00 04 
082 94 FC FF 88 FF 10 00 00 <DATA ERROR
190 00 00 40 00 00 00 00 00 
0FD 63 00 00 00 28 00 00 00 <DATA ERROR
200 27 26 27 58 26 DF 80 00 
201 02 90 40 00 00 00 00 00 
205 00 00 40 00 00 00 00 00 
231 01 59 00 00 FF 00 80 00 
4EC 00 00 00 00 00 00 00 00 
090 C7 09 F7 08 07 B4 0F FF <DATA ERROR
20F 89 01 27 10 00 BC 0C 00 <DATA ERROR
211 FF FE 80 00 48 48 00 DC <DATA ERROR
212 98 00 20 80 01 00 00 00 <DATA ERROR
4B0 27 10 27 10 27 10 27 10 
240 07 00 00 00 00 00 00 00 
082 95 FC FF 88 FF 10 00 00 <DATA ERROR
501 00 AA 55 AA 55 AA 55 AA 
050 02 00 0F 01 AA 55 AA 55 
165 27 16 27 10 C0 27 16 2B 
170 27 16 27 9C 27 0F 41 11 
200 27 26 27 58 26 DF 80 00 
201 02 90 40 00 00 00 00 00 
205 00 00 40 00 00 00 00 00 
231 01 59 00 00 FF 00 80 00 
090 D7 09 F7 08 07 B2 0F FF <DATA ERROR
20F 88 E9 27 10 00 CC FC 00 <DATA ERROR
211 FF FE 80 00 48 48 00 DD <DATA ERROR
4B0 27 10 27 10 27 10 27 10 
240 07 00 00 00 00 00 00 00 
082 96 FC FF 88 FF 10 00 00 <DATA ERROR
190 00 00 40 00 00 00 00 00 
0FD 63 00 00 00 28 00 00 00 <DATA ERROR
200 27 26 27 56 26 DE 80 00 
201 02 90 40 00 00 00 00 00 
205 00 00 40 00 00 00 00 00 
228 00 00 00 00 00 00 00 00 
231 01 59 00 00 FF 00 80 00 
250 2B 80 94 1D 4A 14 00 04 
420 80 00 84 00 00 40 00 00 <DATA ERROR
090 E7 0A F7 08 07 B3 0F FF <DATA ERROR
20F 88 E9 27 10 00 DC EC 00 <DATA ERROR
211 FF FE 80 00 48 48 00 DE <DATA ERROR
428 41 00 00 00 <DATA ERROR
4B0 27 10 27 10 27 10 27 10 
42B 03 00 00 00 00 00 00 00 
165 27 16 27 10 C0 27 16 2B 
170 27 16 27 9C 27 0F 41 11 
240 06 00 00 00 00 00 00 00 
050 02 00 0F 01 AA 55 AA 55 
4EC 00 00 00 00 00 00 00 00 
082 97 FC FF 88 FF 10 00 00 <DATA ERROR
200 27 26 27 56 26 DE 80 00 
201 02 90 40 00 00 00 00 00 
205 00 00 40 00 00 00 00 00 
231 01 59 00 00 FF 00 80 00 
090 F7 0A F7 09 07 B8 0F FF <DATA ERROR
20F 88 D2 27 10 00 EC DC 00 <DATA ERROR
211 FF FE 80 00 48 48 00 DF <DATA ERROR
4B0 27 10 27 10 27 10 27 10 
240 07 00 00 00 00 00 00 00 
082 98 FC FF 88 FF 10 00 00 <DATA ERROR
39E 00 00 20 7F 00 10 01 1E 
190 00 00 40 00 00 00 00 00 
050 02 00 0F 01 AA 55 AA 55 
0FD 63 00 00 00 28 00 00 00 <DATA ERROR
165 27 16 27 10 C0 27 16 2B 
170 27 16 27 9C 27 0F 41 11 
200 27 26 27 59 26 DE 80 00 
201 02 90 40 00 00 00 00 00 
205 00 00 40 00 00 00 00 00 
231 01 59 00 00 FF 00 80 00 
090 07 0A F7 0A 07 BB 0F FF 
20F 88 BA 27 10 00 FC CC 00 <DATA ERROR
211 FF FE 80 00 48 48 00 E0 <DATA ERROR
4B0 27 10 27 10 27 10 27 10 
228 00 00 00 00 00 00 00 00 
250 2B 80 95 1D 4A 14 00 04 
240 07 00 00 00 00 00 00 00 
082 99 FC FF 88 FF 10 00 00 <DATA ERROR
200 27 26 27 59 26 DE 80 00 
201 02 90 40 00 00 00 00 00 
205 00 00 40 00 00 00 00 00 
231 01 59 00 00 FF 00 80 00 
4EC 00 00 00 00 00 00 00 00 
090 17 0A F7 0A 07 B7 0F FF 
20F 88 BA 27 10 00 0C BC 00 <DATA ERROR
211 FF FE 80 00 48 48 00 E1 <DATA ERROR
212 98 00 20 80 01 00 00 00 <DATA ERROR
4B0 27 10 27 10 27 10 27 10 
165 27 16 27 10 C0 27 16 2B 
170 27 16 27 9B 27 10 41 11 
050 02 00 0F 01 AA 55 AA 55 
240 07 00 00 00 00 00 00 00 
082 9A FC FF 88 FF 10 00 00 <DATA ERROR
190 00 00 40 00 00 00 00 00 
0FD 63 00 00 00 28 00 00 00 <DATA ERROR
200 27 26 27 58 26 DF 80 00 
201 02 90 40 00 00 00 00 00 
205 00 00 40 00 00 00 00 00 
231 01 59 00 00 FF 00 80 00 
090 27 0A F7 09 07 B6 0F FF 
20F 88 D2 27 10 00 1C AC 00 <DATA ERROR
211 FF FE 80 00 48 48 00 E2 <DATA ERROR
4B0 27 10 27 10 27 10 27 10 
240 06 00 00 00 00 00 00 00 
508 00 AA 55 AA 55 AA 55 AA 
082 9B FC FF 88 FF 10 00 00 <DATA ERROR
350 00 00 00 00 00 00 00 00 
37B 64 00 55 AA 55 AA 55 AA <DATA ERROR
436 00 00 03 2A 00 00 00 00 
050 02 00 0F 01 AA 55 AA 55 
165 27 16 27 10 C0 27 16 2B 
170 27 16 27 9B 27 10 41 11 
200 27 26 27 58 26 DF 80 00 
201 02 90 40 00 00 00 00 00 
205 00 00 40 00 00 00 00 00 
228 00 00 00 00 00 00 00 00 
231 01 59 00 00 FF 00 80 00 
090 37 09 F7 08 07 B5 0F FF <DATA ERROR
20F 88 D2 27 10 00 2C 9C 00 <DATA ERROR
211 FF FE 80 00 48 48 00 E3 <DATA ERROR
250 2B 80 95 1D 4A 14 00 04 
4B0 27 10 27 10 27 10 27 10 
4EC 00 00 00 00 00 00 00 00 
240 06 00 00 00 00 00 00 00 
082 9C FC FF 88 FF 10 00 00 <DATA ERROR
190 00 00 40 00 00 00 00 00 
430 7B 96 00 00 00 00 00 20 <DATA ERROR
433 00 01 1E 01 00 00 1B 00 
274 00 00 00 00 00 00 55 AA 
0FD 63 00 00 00 28 00 00 00 <DATA ERROR
200 27 26 27 58 26 DF 80 00 
201 02 90 40 00 00 00 00 00 
205 00 00 40 00 00 00 00 00 
231 01 59 00 00 FF 00 80 00 
090 47 09 F7 07 07 B5 0F FF <DATA ERROR
20F 88 D2 27 10 00 3C 8C 00 <DATA ERROR
211 FF FE 80 00 48 48 00 E4 <DATA ERROR
4B0 27 10 27 10 27 10 27 10 
165 27 16 27 10 C0 27 16 2B 
170 27 16 27 9B 27 10 41 11 
240 07 00 00 00 00 00 00 00 
050 02 00 0F 01 AA 55 AA 55 
082 9D FC FF 88 FF 10 00 00 <DATA ERROR
340 00 00 00 00 00 00 00 00 
461 00 01 00 00 00 00 00 00 
275 00 00 FF 
400 18 00 00 00 00 00 00 00 
405 21 FF FF FF FF FF FF FF 
200 27 26 27 5B 26 DF 80 00 
201 02 90 40 00 00 00 00 00 
205 00 00 40 00 00 00 00 00 
231 01 59 00 00 FF 00 80 00 
090 57 09 F7 07 07 B3 0F FF <DATA ERROR
20F 88 D2 27 10 00 4C 7C 00 <DATA ERROR
211 FF FE 80 00 48 48 00 E5 <DATA ERROR
4B0 27 10 27 10 27 10 27 10 
228 00 00 00 00 00 00 00 00 
250 2B 80 96 1D 4A 14 00 04 
240 07 00 00 00 00 00 00 00 
082 9E FC FF 88 FF 10 00 00 <DATA ERROR
190 00 00 40 00 00 00 00 00 
0FD 63 00 00 00 28 00 00 00 <DATA ERROR
050 02 00 0F 01 AA 55 AA 55 
165 27 16 27 10 C0 27 16 2B 
170 27 16 27 9B 27 10 41 11 
200 27 26 27 5B 26 DF 80 00 
201 02 90 40 00 00 00 00 00 
205 00 00 40 00 00 00 00 00 
231 01 59 00 00 FF 00 80 00 
090 67 09 F7 07 07 B1 0F FF <DATA ERROR
20F 88 D2 27 10 00 5C 6C 00 <DATA ERROR
211 FF FE 80 00 48 48 00 E6 <DATA ERROR
212 98 00 20 80 01 00 00 00 <DATA ERROR
4B0 27 10 27 10 27 10 27 10 
4EC 00 00 00 00 00 00 00 00 
240 06 00 00 00 00 00 00 00 
082 9F FC FF 88 FF 10 00 00 <DATA ERROR
501 00 AA 55 AA 55 AA 55 AA 
200 27 26 27 5B 26 DF 80 00 
201 02 90 40 00 00 00 00 00 
205 00 00 40 00 00 00 00 00 
231 01 59 00 00 FF 00 80 00 
090 77 0A F7 08 07 B5 0F FF <DATA ERROR
20F 88 D2 27 10 00 6C 5C 00 <DATA ERROR
211 FF FE 80 00 48 48 00 E7 <DATA ERROR
4B0 27 10 27 10 27 10 27 10 
165 27 16 27 10 C0 27 16 2B 
170 27 16 27 9B 27 10 41 11 
050 02 00 0F 01 AA 55 AA 55 
240 07 00 00 00 00 00 00 00 
082 91 FC FF 88 FF 10 00 00 <DATA ERROR
39E 00 00 00 7F 00 10 01 1E 
190 00 00 40 00 00 00 00 00 
0FD 63 00 00 00 28 00 00 00 <DATA ERROR
200 27 26 27 59 26 DF 80 00 
201 02 90 40 00 00 00 00 00 
205 00 00 40 00 00 00 00 00 
228 00 00 00 00 00 00 00 00 
231 01 59 00 00 FF 00 80 00 
250 2B 80 96 1D 4A 14 00 04 
420 80 00 84 00 00 40 00 00 <DATA ERROR
090 87 0A F7 08 07 B5 0F FF <DATA ERROR
20F 88 D2 27 10 00 7C 4C 00 <DATA ERROR
211 FF FE 80 00 48 48 00 E8 <DATA ERROR
428 41 00 00 00 <DATA ERROR
4B0 27 10 27 10 27 10 27 10 
42B 03 00 00 00 00 00 00 00 
4EC 00 00 00 00 00 00 00 00 
240 07 00 00 00 00 00 00 00 
082 92 FC FF 88 FF 10 00 00 <DATA ERROR
433 00 01 1E 00 00 00 1B 00 
050 02 00 0F 01 AA 55 AA 55 
165 27 16 27 10 C0 27 16 2B 
170 27 16 27 9B 27 10 41 11 
200 27 26 27 59 26 DF 80 00 
201 02 90 40 00 00 00 00 00 
205 00 00 40 00 00 00 00 00 
231 01 59 00 00 FF 00 80 00 
090 97 0A F7 09 07 B1 0F FF <DATA ERROR
20F 88 D2 27 10 00 8C 3C 00 <DATA ERROR
211 FF FE 80 00 48 48 00 E9 <DATA ERROR
4B0 27 10 27 10 27 10 27 10 
240 07 00 00 00 00 00 00 00 
082 93 FC FF 88 FF 10 00 00 <DATA ERROR
190 00 00 40 00 00 00 00 00 
0FD 63 00 00 00 28 00 00 00 <DATA ERROR
200 27 26 27 5C 26 DF 80 00 
201 02 90 40 00 00 00 00 00 
205 00 00 40 00 00 00 00 00 
231 01 59 00 00 FF 00 80 00 
090 A7 0A F7 09 07 B2 0F FF <DATA ERROR
20F 88 D2 27 10 00 9C 2C 00 <DATA ERROR
211 FF FE 80 00 48 48 00 EA <DATA ERROR
4B0 27 10 27 10 27 10 27 10 
165 27 16 27 10 C0 27 16 2B 
170 27 16 27 9B 27 10 41 11 
228 00 00 00 00 00 00 00 00 
050 02 00 0F 01 AA 55 AA 55 
240 07 00 00 00 00 00 00 00 
250 2B 80 97 1D 4A 14 00 04 
082 94 FC FF 88 FF 10 00 00 <DATA ERROR
39E 00 00 00 7F 00 10 01 1E 
200 27 26 27 5C 26 DF 80 00 
201 02 90 40 00 00 00 00 00 
205 00 00 40 00 00 00 00 00 
231 01 59 00 00 FF 00 80 00 
4EC 00 00 00 00 00 00 00 00 
090 B7 0A F7 0A 07 B1 0F FF <DATA ERROR
20F 88 D2 27 10 00 AC 1C 00 <DATA ERROR
211 FF FE 80 00 48 48 00 EB <DATA ERROR
212 98 00 20 80 01 00 00 00 <DATA ERROR
4B0 27 10 27 10 27 10 27 10 
240 07 00 00 00 00 00 00 00 
082 95 FC FF 88 FF 10 00 00 <DATA ERROR
190 00 00 40 00 00 00 00 00 
050 02 00 0F 01 AA 55 AA 55 
0FD 63 00 00 00 28 00 00 00 <DATA ERROR
165 27 16 27 10 C0 27 16 2B 
170 27 16 27 9B 27 10 41 11 
200 27 26 27 5C 26 DF 80 00 
201 02 90 40 00 00 00 00 00 
205 00 00 40 00 00 00 00 00 
231 01 59 00 00 FF 00 80 00 
090 C7 0A F7 0A 07 AD 0F FF <DATA ERROR
20F 88 D2 27 10 00 BC 0C 00 <DATA ERROR
211 FF FE 80 00 48 48 00 EC <DATA ERROR
4B0 27 10 27 10 27 10 27 10 
240 07 00 00 00 00 00 00 00 
508 00 AA 55 AA 55 AA 55 AA 
082 96 FC FF 88 FF 10 00 00 <DATA ERROR
350 00 00 00 00 00 00 00 00 
37B 64 00 55 AA 55 AA 55 AA <DATA ERROR
436 00 00 03 2A 00 00 00 00 
200 27 26 27 60 26 DF 80 00 
201 02 90 40 00 00 00 00 00 
205 00 00 40 00 00 00 00 00 
228 00 00 00 00 00 00 00 00 
231 01 59 00 00 FF 00 80 00 
250 2B 80 97 1D 4A 14 00 04 
090 D7 0A F7 09 07 AD 0F FF <DATA ERROR
20F 88 D2 27 10 00 CC FC 00 <DATA ERROR
211 FF FE 80 00 48 48 00 ED <DATA ERROR
4B0 27 10 27 10 27 10 27 10 
165 27 16 27 10 C0 27 16 2B 
170 27 16 27 9B 27 10 41 11 
4EC 00 00 00 00 00 00 00 00 
050 02 00 0F 01 AA 55 AA 55 
240 07 00 00 00 00 00 00 00 
082 97 FC FF 88 FF 10 00 00 <DATA ERROR
190 00 00 40 00 00 00 00 00 
430 7B 95 00 00 00 00 00 20 <DATA ERROR
433 00 01 1E 08 00 00 1B 00 
274 00 00 00 00 00 00 55 AA 
0FD 63 00 00 00 28 00 00 00 <DATA ERROR
200 27 26 27 60 26 DF 80 00 
201 02 90 40 00 00 00 00 00 
205 00 00 40 00 00 00 00 00 
231 01 59 00 00 FF 00 80 00 
090 E7 0A F7 09 07 AD 0F FF <DATA ERROR
20F 88 D2 27 10 00 DC EC 00 <DATA ERROR
211 FF FE 80 00 48 48 00 EE <DATA ERROR
4B0 27 10 27 10 27 10 27 10 
240 07 00 00 00 00 00 00 00 
082 98 FC FF 88 FF 10 00 00 <DATA ERROR
340 00 00 00 00 00 00 00 00 
461 00 01 00 00 00 00 00 00 
275 00 00 FF 
400 19 00 00 00 00 00 00 00 
405 01 67 FF FF FF FF 00 10 
050 02 00 0F 01 AA 55 AA 55 
165 27 16 27 10 C0 27 16 2B 
170 27 16 27 9B 27 10 41 11 
200 27 26 27 5E 26 DF 80 00 
201 02 90 40 00 00 00 00 00 
205 00 00 40 00 00 00 00 00 
231 01 59 00 00 FF 00 80 00 
090 F7 0A F7 09 07 AC 0F FF <DATA ERROR
20F 88 D2 27 10 00 EC DC 00 <DATA ERROR
211 FF FE 80 00 48 48 00 EF <DATA ERROR
4B0 27 10 27 10 27 10 27 10 
228 00 00 00 00 00 00 00 00 
250 2B 80 97 1D 4A 14 00 04 
240 07 00 00 00 00 00 00 00 
082 99 FC FF 88 FF 10 00 00 <DATA ERROR
190 00 00 40 00 00 00 00 00 
0FD 63 00 00 00 28 00 00 00 <DATA ERROR
200 27 26 27 5E 26 DF 80 00 
201 02 90 40 00 00 00 00 00 
205 00 00 40 00 00 00 00 00 
231 01 59 00 00 FF 00 80 00 
4EC 00 00 00 00 00 00 00 00 
090 07 0A F7 09 07 B1 0F FF 
20F 88 D2 27 10 00 FC CC 00 <DATA ERROR
211 FF FE 80 00 48 48 00 F0 <DATA ERROR
212 98 00 20 80 01 00 00 00 <DATA ERROR
4B0 27 10 27 10 27 10 27 10 
165 27 16 27 10 C0 27 16 2B 
170 27 16 27 9B 27 10 41 11 
240 07 00 00 00 00 00 00 00 
050 02 00 0F 01 AA 55 AA 55 
082 9A FC FF 88 FF 10 00 00 <DATA ERROR
501 00 AA 55 AA 55 AA 55 AA 
200 27 26 27 5E 26 DF 80 00 
201 02 90 40 00 00 00 00 00 
205 00 00 40 00 00 00 00 00 
231 01 59 00 00 FF 00 80 00 
090 17 0A F7 09 07 B1 0F FF 
20F 88 D2 27 10 00 0C BC 00 <DATA ERROR
211 FF FE 80 00 48 48 00 F1 <DATA ERROR
4B0 27 10 27 10 27 10 27 10 
240 07 00 00 00 00 00 00 00 
082 9B FC FF 88 FF 10 00 00 <DATA ERROR
190 00 00 40 00 00 00 00 00 
050 02 00 0F 01 AA 55 AA 55 
0FD 63 00 00 00 28 00 00 00 <DATA ERROR
165 27 16 27 10 C0 27 16 2B 
170 27 16 27 9B 27 10 41 11 
200 27 26 29 21 26 DF 80 00 
201 02 90 40 00 00 00 00 00 
205 00 00 40 00 00 00 00 00 
228 00 00 00 00 00 00 00 00 
090 27 0A F7 08 07 AD 0F FF 
20F 88 D2 27 10 00 1C AC 00 <DATA ERROR
211 FF FE 80 00 48 48 00 F2 <DATA ERROR
231 01 59 00 00 FF 00 80 00 
250 2B 7F 98 1D 4A 14 00 04 
420 7F 00 84 00 00 40 00 00 <DATA ERROR
428 41 00 00 00 <DATA ERROR
4B0 27 10 27 10 27 10 27 10 
42B 03 00 00 00 00 00 00 00 
4EC 00 00 00 00 00 00 00 00 
240 07 00 00 00 00 00 00 00 
082 9C FC FF 88 FF 10 00 00 <DATA ERROR
200 27 26 29 21 26 DF 80 00 
201 02 90 40 00 00 00 00 00 
205 00 00 40 00 00 00 00 00 
231 01 59 00 00 FF 00 80 00 
090 37 0A F7 08 07 AD 0F FF <DATA ERROR
20F 88 D2 27 10 00 2C 9C 00 <DATA ERROR
211 FF FE 80 00 48 48 00 F3 <DATA ERROR
4B0 27 10 27 10 27 10 27 10 
165 26 F0 27 10 C0 26 F0 2B 
170 26 F0 27 74 27 10 48 2B 
050 02 00 0F 01 AA 55 AA 55 
240 15 00 00 00 00 00 00 00 
082 9D FC FF 88 FF 10 00 00 <DATA ERROR
39E 00 00 00 7F 00 10 01 1E 
190 00 00 40 00 00 00 00 00 
0FD 63 00 00 00 28 00 00 00 <DATA ERROR
200 26 A1 27 67 26 D7 80 00 
201 02 90 40 00 00 00 00 00 
205 00 00 40 00 00 00 00 00 
231 01 59 00 00 FF 00 80 00 
090 47 09 F7 07 07 AE 0F FF <DATA ERROR
20F 88 D2 27 10 00 3C 8C 00 <DATA ERROR
211 FF FE 80 00 48 48 00 F4 <DATA ERROR
4B0 27 10 27 10 27 10 27 10 
228 00 00 00 00 00 00 00 00 
250 2B 7F 98 1E 4A 14 00 04 
240 14 00 00 00 00 00 00 00 
082 9E FC FF 88 FF 10 00 00 <DATA ERROR
165 26 F0 27 10 C0 26 F0 2B 
050 02 00 0F 01 AA 55 AA 55 
170 26 F0 27 74 27 10 48 2B 
200 26 A1 27 67 26 D7 80 00 
201 02 90 40 00 00 00 00 00 
205 00 00 40 00 00 00 00 00 
231 01 59 00 00 FF 00 80 00 
4EC 00 00 00 00 00 00 00 00 
090 57 08 F7 04 07 B3 0F FF <DATA ERROR
20F 88 D2 27 10 00 4C 7C 00 <DATA ERROR
211 FF FE 80 00 48 48 00 F5 <DATA ERROR
212 98 00 20 80 01 00 00 00 <DATA ERROR
4B0 27 10 27 10 27 10 27 10 
240 15 00 00 00 00 00 00 00 
082 9F FC FF 88 FF 10 00 00 <DATA ERROR
190 00 00 40 00 00 00 00 00 
0FD 63 00 00 00 28 00 00 00 <DATA ERROR
200 26 A1 27 69 26 D3 80 00 
201 02 90 40 00 00 00 00 00 
205 00 00 40 00 00 00 00 00 
231 01 59 00 00 FF 00 80 00 
090 67 08 F7 03 07 B5 0F FF <DATA ERROR
20F 88 D2 27 10 00 5C 6C 00 <DATA ERROR
211 FF FE 80 00 48 48 00 F6 <DATA ERROR
4B0 27 10 27 10 27 10 27 10 
165 26 F0 27 10 C0 26 F0 2B 
170 26 F0 27 74 27 10 48 2B 
050 02 00 0F 01 AA 55 AA 55 
240 15 00 00 00 00 00 00 00 
508 00 AA 55 AA 55 AA 55 AA 
082 91 FC FF 88 FF 10 00 00 <DATA ERROR
350 00 00 00 00 00 00 00 00 
37B 64 00 55 AA 55 AA 55 AA <DATA ERROR
436 00 00 03 2A 00 00 00 00 
200 26 A1 27 69 26 D3 80 00 
201 02 90 40 00 00 00 00 00 
205 00 00 40 00 00 00 00 00 
228 00 00 00 00 00 00 00 00 
231 01 59 00 00 FF 00 80 00 
250 2B 7F 99 27 4A 14 00 04 
090 77 0A F7 05 07 B5 0F FF <DATA ERROR
20F 88 D2 27 10 00 6C 5C 00 <DATA ERROR
211 FF FE 80 00 48 48 00 F7 <DATA ERROR
4B0 27 10 27 10 27 10 27 10 
4EC 00 00 00 00 00 00 00 00 
240 16 00 00 00 00 00 00 00 
082 92 FC FF 88 FF 10 00 00 <DATA ERROR
190 00 00 40 00 00 00 00 00 
430 7C 94 00 00 00 00 00 20 <DATA ERROR
433 00 01 1E 08 00 00 1B 00 
050 02 00 0F 01 AA 55 AA 55 
0FD 63 00 00 00 28 00 00 00 <DATA ERROR
165 26 FE 27 10 C0 26 FE 2B 
170 26 F0 27 74 27 10 48 2B 
200 26 A1 27 69 26 D3 80 00 
201 02 90 40 00 00 00 00 00 
205 00 00 40 00 00 00 00 00 
231 01 59 00 00 FF 00 80 00 
090 87 09 F7 05 07 B5 0F FF <DATA ERROR
20F 88 D2 27 10 00 7C 4C 00 <DATA ERROR
211 FF FE 80 00 48 48 00 F8 <DATA ERROR
274 00 00 00 00 00 00 55 AA 
4B0 27 10 27 10 27 10 27 10 
240 14 00 00 00 00 00 00 00 
082 93 FC FF 88 FF 10 00 00 <DATA ERROR
340 00 00 00 00 00 00 00 00 
461 00 01 00 00 00 00 00 00 
275 00 00 FF 
400 1A 00 00 00 00 00 00 00 
405 02 FF 33 FF 38 01 49 11 
200 26 D3 27 82 26 CC 80 00 
201 02 90 40 00 00 00 00 00 
205 00 00 40 00 00 00 00 00 
231 01 59 00 00 FF 00 80 00 
090 97 09 F7 05 07 B1 0F FF <DATA ERROR
20F 88 D2 27 10 00 8C 3C 00 <DATA ERROR
211 FF FE 80 00 48 48 00 F9 <DATA ERROR
4B0 27 10 27 10 27 10 27 10 
165 26 FE 27 10 C0 26 FE 32 
170 26 FE 27 83 27 10 48 21 
050 02 00 0F 01 AA 55 AA 55 
228 00 00 00 00 00 00 00 00 
240 16 00 00 00 00 00 00 00 
250 32 7F 99 26 4A 14 00 04 
082 94 FC FF 88 FF 10 00 00 <DATA ERROR
190 00 00 40 00 00 00 00 00 
0FD 63 00 00 00 28 00 00 00 <DATA ERROR
200 26 D3 27 82 26 CC 80 00 
201 02 90 40 00 00 00 00 00 
205 00 00 40 00 00 00 00 00 
231 01 59 00 00 FF 00 80 00 
4EC 00 00 00 00 00 00 00 00 
090 A7 09 F7 05 07 B6 0F FF <DATA ERROR
20F 88 E9 27 10 00 9C 2C 00 <DATA ERROR
211 FF FE 80 00 48 48 00 FA <DATA ERROR
212 98 00 20 80 01 00 00 00 <DATA ERROR
4B0 27 10 27 10 27 10 27 10 
240 16 00 00 00 00 00 00 00 
082 95 FC FF 88 FF 10 00 00 <DATA ERROR
501 00 AA 55 AA 55 AA 55 AA 
050 02 00 0F 01 AA 55 AA 55 
165 27 0D 27 10 C0 27 0D 32 
170 27 0D 27 91 27 10 48 17 
200 26 D3 27 82 26 CC 80 00 
201 02 90 40 00 00 00 00 00 
205 00 00 40 00 00 00 00 00 
231 01 59 00 00 FF 00 80 00 
090 B7 08 F7 04 07 B8 0F FF <DATA ERROR
20F 88 D2 27 10 00 AC 1C 00 <DATA ERROR
211 FF FE 80 00 48 48 00 FB <DATA ERROR
4B0 27 10 27 10 27 10 27 10 
240 15 00 00 00 00 00 00 00 
082 96 FC FF 88 FF 10 00 00 <DATA ERROR
190 00 00 40 00 00 00 00 00 
0FD 63 00 00 00 28 00 00 00 <DATA ERROR
200 27 05 27 C0 26 CA 80 00 
201 02 8F 3F EC 00 00 00 00 
205 00 00 40 00 00 00 00 00 
228 00 00 00 00 00 00 00 00 
231 01 59 00 00 FF 00 80 00 
250 32 80 9A 24 4A 14 00 04 
420 80 00 84 00 00 40 00 00 <DATA ERROR
090 C7 09 F7 06 07 B8 0F FF <DATA ERROR
20F 88 E9 27 10 00 BC 0C 00 <DATA ERROR
211 FF FE 80 00 48 48 00 FC <DATA ERROR
428 42 00 00 00 <DATA ERROR
4B0 27 10 27 10 27 10 27 10 
42B 03 00 00 00 00 00 00 00 
165 27 0D 27 10 C0 27 0D 32 
170 27 0D 27 91 27 11 48 17 
050 02 00 0F 01 AA 55 AA 55 
240 15 00 00 00 00 00 00 00 
4EC 00 00 00 00 00 00 00 00 
082 97 FC FF 88 FF 10 00 00 <DATA ERROR
200 27 05 27 C0 26 CA 80 00 
201 02 8F 3F EC 00 00 00 00 
205 00 00 40 00 00 00 00 00 
231 01 59 00 00 FF 00 80 00 
090 D7 09 F7 07 07 B5 0F FF <DATA ERROR
20F 88 D2 27 10 00 CC FC 00 <DATA ERROR
211 FF FE 80 00 48 48 00 FD <DATA ERROR
4B0 27 10 27 10 27 10 27 10 
240 15 00 00 00 00 00 00 00 
082 98 FC FF 88 FF 10 00 00 <DATA ERROR
39E 00 00 00 7F 00 10 01 1E 
190 00 00 40 00 00 00 00 00 
050 02 00 0F 01 AA 55 AA 55 
0FD 63 00 00 00 28 00 00 00 <DATA ERROR
165 27 16 27 10 C0 27 16 39 
170 27 16 27 91 27 11 48 11 
200 27 24 27 C7 26 CA 80 00 
201 02 8E 3F D8 00 00 00 00 
205 00 00 40 00 00 00 00 00 
231 01 59 00 00 FF 00 80 00 
090 E7 09 F7 06 07 B6 0F FF <DATA ERROR
20F 88 D2 27 10 00 DC EC 00 <DATA ERROR
211 FF FE 80 00 48 48 00 FE <DATA ERROR
4B0 27 10 27 10 27 10 27 10 
228 00 00 00 00 00 00 00 00 
250 39 80 9A 22 4A 14 00 04 <DATA ERROR
240 15 00 00 00 00 00 00 00 
082 99 FC FF 88 FF 10 00 00 <DATA ERROR
200 27 24 27 C7 26 CA 80 00 
201 02 8E 3F D8 00 00 00 00 
205 00 00 40 00 00 00 00 00 
231 01 59 00 00 FF 00 80 00 
4EC 00 00 00 00 00 00 00 00 
090 F7 0A F7 08 07 B9 0F FF <DATA ERROR
20F 88 D2 27 10 00 EC DC 00 <DATA ERROR
211 FF FE 80 00 48 48 00 FF <DATA ERROR
212 98 00 20 80 01 00 00 00 <DATA ERROR
4B0 27 10 27 10 27 10 27 10 
165 27 10 27 10 C0 27 10 39 
170 27 16 27 91 27 11 48 11 
050 02 00 0F 01 AA 55 AA 55 
240 16 00 00 00 00 00 00 00 
082 9A FC FF 88 FF 10 00 00 <DATA ERROR
190 00 00 40 00 00 00 00 00 
0FD 63 00 00 00 28 00 00 00 <DATA ERROR
200 27 0F 27 C4 26 C8 80 00 
201 02 8E 3F EC 00 00 00 00 
205 00 00 40 00 00 00 00 00 
231 01 59 00 00 FF 00 80 00 
090 07 0A F7 09 07 B5 0F FF 
20F 88 E9 27 10 00 FC CC 00 <DATA ERROR
211 FF FE 80 00 48 48 00 00 <DATA ERROR
4B0 27 10 27 10 27 10 27 10 
240 16 00 00 00 00 00 00 00 
508 00 AA 55 AA 55 AA 55 AA 
082 9B FC FF 88 FF 10 00 00 <DATA ERROR
350 00 00 00 00 00 00 00 00 
37B 64 00 55 AA 55 AA 55 AA <DATA ERROR
436 00 00 03 2A 00 00 00 00 
050 02 00 0F 01 AA 55 AA 55 
165 27 10 27 10 C0 27 10 39 
170 27 10 27 91 27 11 48 16 
200 27 0F 27 C4 26 C8 80 00 
201 02 8E 3F EC 00 00 00 00 
205 00 00 40 00 00 00 00 00 
228 00 00 00 00 00 00 00 00 
231 01 59 00 00 FF 00 80 00 
090 17 0A F7 0B 07 B4 0F FF 
20F 88 D2 27 10 00 0C BC 00 <DATA ERROR
211 FF FE 80 00 48 48 00 01 <DATA ERROR
250 39 80 9B 22 4A 14 00 04 <DATA ERROR
4B0 27 10 27 10 27 10 27 10 
4EC 00 00 00 00 00 00 00 00 
240 14 00 00 00 00 00 00 00 
082 9C FC FF 88 FF 10 00 00 <DATA ERROR
190 00 00 40 00 00 00 00 00 
430 7B 95 00 00 00 00 00 20 <DATA ERROR
433 00 01 1E 08 00 00 1B 00 
274 00 00 00 00 00 00 55 AA 
0FD 63 00 00 00 28 00 00 00 <DATA ERROR
200 27 0F 27 C4 26 C8 80 00 
201 02 8E 3F EC 00 00 00 00 
205 00 00 40 00 00 00 00 00 
231 01 59 00 00 FF 00 80 00 
090 27 0C F7 0E 07 AD 0F FF 
20F 88 D2 27 10 00 1C AC 00 <DATA ERROR
211 FF FE 80 00 48 48 00 02 <DATA ERROR
4B0 27 10 27 10 27 10 27 10 